0.20 1.8 0.936 0.872 0.000 0.000
0.20 1.8 1.000 1.000 0.000 0.000
0.20 1.8 1.270 0.799 0.970 0.764
0.30 1.8 0.959 0.960 0.000 0.000
0.30 1.8 0.987 0.996 0.000 0.000
0.30 1.8 1.054 1.046 0.000 0.000
0.40 1.8 1.002 1.034 0.000 0.000
0.40 1.8 1.001 0.989 0.000 0.000
0.40 1.8 1.000 1.000 0.000 0.000
0.50 1.8 0.959 0.937 0.000 0.000
0.50 1.8 1.005 1.008 0.000 0.000
0.50 1.8 1.334 0.873 0.895 0.671
0.60 1.8 1.000 1.000 0.000 0.000
0.60 1.8 1.289 0.833 0.737 0.571
0.60 1.8 1.472 0.826 0.880 0.598
0.70 1.8 1.000 1.000 0.000 0.000
0.70 1.8 1.172 0.842 0.667 0.569
0.70 1.8 0.933 0.902 0.000 0.000
0.80 1.8 0.982 0.877 0.000 0.000
0.80 1.8 1.250 0.833 0.733 0.587
0.80 1.8 0.999 0.895 0.190 0.191
0.90 1.8 0.980 0.909 0.000 0.000
0.90 1.8 1.120 0.871 0.571 0.510
0.90 1.8 0.948 0.869 0.000 0.000
1.00 1.8 1.000 1.000 0.000 0.000
1.00 1.8 1.312 0.913 0.714 0.544
1.00 1.8 1.157 0.836 0.500 0.432
1.20 1.8 0.989 0.885 0.176 0.179
1.20 1.8 1.072 0.886 0.062 0.058
1.20 1.8 1.216 0.731 0.821 0.675
1.40 1.8 1.240 0.815 0.935 0.755
1.40 1.8 1.000 1.000 0.000 0.000
1.40 1.8 1.320 0.858 0.913 0.692
1.60 1.8 1.152 1.000 0.273 0.237
1.60 1.8 1.260 0.923 0.609 0.483
1.60 1.8 1.337 0.858 0.917 0.685
1.80 1.8 1.320 0.963 0.455 0.344
1.80 1.8 1.636 0.743 0.926 0.566
1.80 1.8 1.319 0.957 0.778 0.590
2.00 1.8 1.352 0.813 0.864 0.639
2.00 1.8 1.297 0.857 0.842 0.649
2.00 1.8 1.578 0.946 0.750 0.475
2.20 1.8 1.401 0.882 0.875 0.624
2.40 1.8 1.687 0.829 0.971 0.576
2.40 1.8 1.719 0.939 0.913 0.531
2.80 1.8 1.884 0.848 1.000 0.531
2.80 1.8 1.949 0.836 1.000 0.513
2.80 1.8 1.748 0.848 0.929 0.531
3.20 1.8 1.528 0.780 0.923 0.604
3.20 1.8 1.615 0.894 0.862 0.534
3.20 1.8 2.041 0.826 1.000 0.490
3.60 1.8 1.668 0.819 1.000 0.600
3.60 1.8 2.169 0.855 1.000 0.461
3.60 1.8 1.934 0.882 0.977 0.505
4.00 1.8 2.016 0.865 1.000 0.496
4.00 1.8 2.141 0.841 1.000 0.467
4.00 1.8 2.889 0.900 1.000 0.346
4.80 1.8 2.622 0.873 1.000 0.381
4.80 1.8 2.511 0.773 0.981 0.391
4.80 1.8 2.216 0.794 1.000 0.451
5.60 1.8 2.539 0.654 1.000 0.394
5.60 1.8 3.041 0.900 1.000 0.329
5.60 1.8 2.698 0.836 1.000 0.371
6.40 1.8 3.065 0.761 1.000 0.326
6.40 1.8 3.427 0.900 1.000 0.292
6.40 1.8 3.516 0.863 1.000 0.284
7.20 1.8 3.353 0.813 1.000 0.298
7.20 1.8 3.119 0.918 1.000 0.321
7.20 1.8 4.120 0.887 1.000 0.243
8.00 1.8 3.184 0.815 1.000 0.314
8.00 1.8 4.603 0.889 1.000 0.217
8.00 1.8 3.456 0.730 1.000 0.289
2.00 1.8 1.433 0.810 0.861 0.601
2.00 1.8 1.629 0.919 0.917 0.563
2.00 1.8 1.376 0.937 0.857 0.623
2.00 1.8 1.203 0.989 0.350 0.291
2.00 1.8 1.076 0.897 0.294 0.273
